   1    1       0.801710
   1    2       0.500356
   1    3      -2.854847
   1    4      -2.994803
   1    5      -3.230195
   1    6      -3.517062
   1    7      -3.835719
   1    8      -4.174609
   1    9      -4.525604
   1   10      -4.882362
   1   11      -5.239803
   1   12      -5.593998
   1   13      -5.942143
   1   14      -6.282466
   1   15      -6.614047
   1   16      -6.936627
   1   17      -7.250419
   1   18      -7.555972
   1   19      -7.854066
   1   20      -8.145648
   1   21      -8.431781
   1   22      -8.713613
   1   23      -8.992370
   1   24      -9.269322
   1   25      -9.545791
   1   26      -9.823176
   1   27     -10.102841
   1   28     -10.386408
   1   29     -10.675166
   1   30     -10.970979
   1   31     -11.274861
   1   32     -11.590211
   1   33     -11.916900
   1   34     -12.254643
   1   35     -12.622480
   1   36     -12.961548
   1   37     -13.368705
   1   38     -13.787726
   1   39     -14.457208
   1   40     -14.367084
   1   41     -14.968619
   1   42     -14.691847
   1   43     -14.966293
   1   44     -14.937590
   1   45     -14.792056
   1   46     -15.057000
   1   47     -15.697923
   1   48     -15.648171
   1   49     -15.755937
    
   2    1       0.500357
   2    2       0.802114
   2    3       0.500011
   2    4      -2.215540
   2    5      -2.451690
   2    6      -2.739079
   2    7      -3.058061
   2    8      -3.397138
   2    9      -3.748233
   2   10      -4.105040
   2   11      -4.462503
   2   12      -4.816708
   2   13      -5.164857
   2   14      -5.505181
   2   15      -5.836763
   2   16      -6.159343
   2   17      -6.473135
   2   18      -6.778688
   2   19      -7.076782
   2   20      -7.368365
   2   21      -7.654498
   2   22      -7.936331
   2   23      -8.215085
   2   24      -8.492035
   2   25      -8.768506
   2   26      -9.045880
   2   27      -9.325589
   2   28      -9.609080
   2   29      -9.897899
   2   30     -10.193673
   2   31     -10.498141
   2   32     -10.812329
   2   33     -11.139153
   2   34     -11.478016
   2   35     -11.834062
   2   36     -12.211780
   2   37     -12.597270
   2   38     -13.028495
   2   39     -13.429940
   2   40     -13.825509
   2   41     -14.798596
   2   42     -14.313949
   2   43     -14.652692
   2   44     -14.671437
   2   45     -14.312334
   2   46     -14.483239
   2   47     -15.366265
   2   48     -15.136764
   2   49     -15.470836
    
   3    1      -2.852960
   3    2       0.500011
   3    3       0.803122
   3    4       0.499353
   3    5      -1.765454
   3    6      -2.054937
   3    7      -2.375225
   3    8      -2.715053
   3    9      -3.066547
   3   10      -3.423550
   3   11      -3.781102
   3   12      -4.135345
   3   13      -4.483510
   3   14      -4.823840
   3   15      -5.155424
   3   16      -5.478005
   3   17      -5.791797
   3   18      -6.097350
   3   19      -6.395445
   3   20      -6.687027
   3   21      -6.973159
   3   22      -7.254993
   3   23      -7.533747
   3   24      -7.810696
   3   25      -8.087170
   3   26      -8.364544
   3   27      -8.644240
   3   28      -8.927748
   3   29      -9.216588
   3   30      -9.512344
   3   31      -9.816576
   3   32     -10.131253
   3   33     -10.457616
   3   34     -10.797788
   3   35     -11.153462
   3   36     -11.525660
   3   37     -11.914957
   3   38     -12.329122
   3   39     -12.753739
   3   40     -13.300515
   3   41     -13.536957
   3   42     -15.342406
   3   43     -14.462849
   3   44     -14.349919
   3   45     -14.432130
   3   46     -14.580998
   3   47     -15.338722
   3   48     -14.955416
   3   49     -15.318682
    
   4    1      -2.992915
   4    2      -2.215540
   4    3       0.499353
   4    4       0.805173
   4    5       0.498229
   4    6      -1.417987
   4    7      -1.742899
   4    8      -2.085378
   4    9      -2.438275
   4   10      -2.795967
   4   11      -3.153832
   4   12      -3.508208
   4   13      -3.856426
   4   14      -4.196776
   4   15      -4.528369
   4   16      -4.850952
   4   17      -5.164746
   4   18      -5.470299
   4   19      -5.768394
   4   20      -6.059976
   4   21      -6.346109
   4   22      -6.627942
   4   23      -6.906696
   4   24      -7.183646
   4   25      -7.460119
   4   26      -7.737491
   4   27      -8.017193
   4   28      -8.300697
   4   29      -8.589534
   4   30      -8.885284
   4   31      -9.189594
   4   32      -9.504096
   4   33      -9.830554
   4   34     -10.170743
   4   35     -10.526054
   4   36     -10.898676
   4   37     -11.291184
   4   38     -11.701433
   4   39     -12.133786
   4   40     -12.581168
   4   41     -13.074305
   4   42     -13.578097
   4   43     -14.154363
   4   44     -14.489078
   4   45     -15.306240
   4   46     -14.985133
   4   47     -15.682087
   4   48     -14.974630
   4   49     -15.860336
    
   5    1      -3.228307
   5    2      -2.451690
   5    3      -1.765454
   5    4       0.498229
   5    5       0.808771
   5    6       0.496469
   5    7      -1.136927
   5    8      -1.488216
   5    9      -1.845759
   5   10      -2.205711
   5   11      -2.564597
   5   12      -2.919403
   5   13      -3.267793
   5   14      -3.608209
   5   15      -3.939826
   5   16      -4.262419
   5   17      -4.576216
   5   18      -4.881770
   5   19      -5.179866
   5   20      -5.471448
   5   21      -5.757581
   5   22      -6.039415
   5   23      -6.318168
   5   24      -6.595118
   5   25      -6.871591
   5   26      -7.148964
   5   27      -7.428665
   5   28      -7.712169
   5   29      -8.001006
   5   30      -8.296758
   5   31      -8.601057
   5   32      -8.915581
   5   33      -9.242035
   5   34      -9.582159
   5   35      -9.937752
   5   36     -10.310247
   5   37     -10.701415
   5   38     -11.113361
   5   39     -11.544813
   5   40     -12.003373
   5   41     -12.479896
   5   42     -12.994460
   5   43     -13.433252
   5   44     -14.642039
   5   45     -14.313175
   5   46     -15.063640
   5   47     -15.150066
   5   48     -14.671281
   5   49     -14.946138
    
   6    1      -3.515173
   6    2      -2.739079
   6    3      -2.054937
   6    4      -1.417987
   6    5       0.496469
   6    6       0.814422
   6    7       0.493902
   6    8      -0.903144
   6    9      -1.275787
   6   10      -1.643006
   6   11      -2.005121
   6   12      -2.361269
   6   13      -2.710189
   6   14      -3.050807
   6   15      -3.382499
   6   16      -3.705120
   6   17      -4.018928
   6   18      -4.324486
   6   19      -4.622583
   6   20      -4.914166
   6   21      -5.200299
   6   22      -5.482133
   6   23      -5.760886
   6   24      -6.037836
   6   25      -6.314309
   6   26      -6.591682
   6   27      -6.871382
   6   28      -7.154887
   6   29      -7.443724
   6   30      -7.739476
   6   31      -8.043774
   6   32      -8.358298
   6   33      -8.684759
   6   34      -9.024880
   6   35      -9.380405
   6   36      -9.752986
   6   37     -10.144267
   6   38     -10.555738
   6   39     -10.989026
   6   40     -11.443213
   6   41     -11.924127
   6   42     -12.428839
   6   43     -12.967062
   6   44     -13.470375
   6   45     -13.956802
   6   46     -14.853507
   6   47     -15.414620
   6   48     -14.692279
   6   49     -15.169947
    
   7    1      -3.833830
   7    2      -3.058061
   7    3      -2.375226
   7    4      -1.742899
   7    5      -1.136927
   7    6       0.493902
   7    7       0.822551
   7    8       0.490376
   7    9      -0.705216
   7   10      -1.096307
   7   11      -1.468754
   7   12      -1.829074
   7   13      -2.179604
   7   14      -2.520828
   7   15      -2.852746
   7   16      -3.175450
   7   17      -3.489288
   7   18      -3.794858
   7   19      -4.092959
   7   20      -4.384543
   7   21      -4.670677
   7   22      -4.952511
   7   23      -5.231265
   7   24      -5.508215
   7   25      -5.784687
   7   26      -6.062061
   7   27      -6.341761
   7   28      -6.625265
   7   29      -6.914103
   7   30      -7.209855
   7   31      -7.514153
   7   32      -7.828677
   7   33      -8.155136
   7   34      -8.495263
   7   35      -8.850776
   7   36      -9.223374
   7   37      -9.614658
   7   38     -10.026065
   7   39     -10.459022
   7   40     -10.914729
   7   41     -11.394562
   7   42     -11.895708
   7   43     -12.422397
   7   44     -12.995165
   7   45     -13.707641
   7   46     -13.937222
   7   47     -14.612163
   7   48     -14.581830
   7   49     -14.754949
    
   8    1      -4.172720
   8    2      -3.397139
   8    3      -2.715053
   8    4      -2.085378
   8    5      -1.488216
   8    6      -0.903144
   8    7       0.490376
   8    8       0.833423
   8    9       0.485781
   8   10      -0.535743
   8   11      -0.943581
   8   12      -1.317401
   8   13      -1.672900
   8   14      -2.015936
   8   15      -2.348515
   8   16      -2.671462
   8   17      -2.985389
   8   18      -3.290992
   8   19      -3.589105
   8   20      -3.880695
   8   21      -4.166830
   8   22      -4.448665
   8   23      -4.727419
   8   24      -5.004369
   8   25      -5.280842
   8   26      -5.558215
   8   27      -5.837915
   8   28      -6.121419
   8   29      -6.410257
   8   30      -6.706009
   8   31      -7.010308
   8   32      -7.324830
   8   33      -7.651290
   8   34      -7.991417
   8   35      -8.346934
   8   36      -8.719528
   8   37      -9.110796
   8   38      -9.522270
   8   39      -9.955184
   8   40     -10.410887
   8   41     -10.889164
   8   42     -11.394640
   8   43     -11.927646
   8   44     -12.472716
   8   45     -13.054237
   8   46     -13.753571
   8   47     -14.455594
   8   48     -14.795678
   8   49     -15.701840
    
   9    1      -4.523715
   9    2      -3.748233
   9    3      -3.066547
   9    4      -2.438275
   9    5      -1.845759
   9    6      -1.275787
   9    7      -0.705216
   9    8       0.485781
   9    9       0.847091
   9   10       0.480060
   9   11      -0.389623
   9   12      -0.813212
   9   13      -1.185025
   9   14      -1.533623
   9   15      -1.868162
   9   16      -2.191814
   9   17      -2.505999
   9   18      -2.811697
   9   19      -3.109846
   9   20      -3.401448
   9   21      -3.687589
   9   22      -3.969425
   9   23      -4.248180
   9   24      -4.525130
   9   25      -4.801603
   9   26      -5.078977
   9   27      -5.358677
   9   28      -5.642181
   9   29      -5.931018
   9   30      -6.226770
   9   31      -6.531069
   9   32      -6.845592
   9   33      -7.172052
   9   34      -7.512177
   9   35      -7.867696
   9   36      -8.240289
   9   37      -8.631569
   9   38      -9.043001
   9   39      -9.475936
   9   40      -9.931536
   9   41     -10.411031
   9   42     -10.914149
   9   43     -11.444707
   9   44     -12.000570
   9   45     -12.592902
   9   46     -13.205420
   9   47     -13.932807
   9   48     -14.673832
   9   49     -15.333197
    
  10    1      -4.880473
  10    2      -4.105040
  10    3      -3.423550
  10    4      -2.795967
  10    5      -2.205711
  10    6      -1.643006
  10    7      -1.096307
  10    8      -0.535743
  10    9       0.480060
  10   10       0.863371
  10   11       0.473222
  10   12      -0.263152
  10   13      -0.701903
  10   14      -1.068787
  10   15      -1.409323
  10   16      -1.735051
  10   17      -2.049979
  10   18      -2.355948
  10   19      -2.654197
  10   20      -2.945837
  10   21      -3.231991
  10   22      -3.513833
  10   23      -3.792590
  10   24      -4.069541
  10   25      -4.346014
  10   26      -4.623388
  10   27      -4.903088
  10   28      -5.186592
  10   29      -5.475430
  10   30      -5.771182
  10   31      -6.075480
  10   32      -6.390003
  10   33      -6.716463
  10   34      -7.056589
  10   35      -7.412106
  10   36      -7.784700
  10   37      -8.175976
  10   38      -8.587420
  10   39      -9.020368
  10   40      -9.475955
  10   41      -9.955149
  10   42     -10.459210
  10   43     -10.987764
  10   44     -11.548040
  10   45     -12.133683
  10   46     -12.753196
  10   47     -13.464374
  10   48     -14.225709
  10   49     -14.927960
    
  11    1      -5.237913
  11    2      -4.462503
  11    3      -3.781102
  11    4      -3.153832
  11    5      -2.564597
  11    6      -2.005121
  11    7      -1.468754
  11    8      -0.943581
  11    9      -0.389623
  11   10       0.473222
  11   11       0.881857
  11   12       0.465347
  11   13      -0.153523
  11   14      -0.607054
  11   15      -0.966579
  11   16      -1.298707
  11   17      -1.615805
  11   18      -1.922554
  11   19      -2.221087
  11   20      -2.512832
  11   21      -2.799026
  11   22      -3.080883
  11   23      -3.359646
  11   24      -3.636598
  11   25      -3.913073
  11   26      -4.190447
  11   27      -4.470147
  11   28      -4.753651
  11   29      -5.042489
  11   30      -5.338241
  11   31      -5.642539
  11   32      -5.957062
  11   33      -6.283522
  11   34      -6.623648
  11   35      -6.979166
  11   36      -7.351760
  11   37      -7.743035
  11   38      -8.154481
  11   39      -8.587421
  11   40      -9.043008
  11   41      -9.522250
  11   42     -10.026060
  11   43     -10.555977
  11   44     -11.112480
  11   45     -11.700308
  11   46     -12.336397
  11   47     -12.998870
  11   48     -13.751508
  11   49     -15.667583
    
  12    1      -5.592108
  12    2      -4.816708
  12    3      -4.135345
  12    4      -3.508208
  12    5      -2.919403
  12    6      -2.361269
  12    7      -1.829074
  12    8      -1.317401
  12    9      -0.813212
  12   10      -0.263152
  12   11       0.465347
  12   12       0.901981
  12   13       0.456585
  12   14      -0.058530
  12   15      -0.526530
  12   16      -0.876798
  12   17      -1.200837
  12   18      -1.509813
  12   19      -1.809167
  12   20      -2.101209
  12   21      -2.387515
  12   22      -2.669413
  12   23      -2.948191
  12   24      -3.225150
  12   25      -3.501627
  12   26      -3.779001
  12   27      -4.058702
  12   28      -4.342207
  12   29      -4.631044
  12   30      -4.926796
  12   31      -5.231095
  12   32      -5.545618
  12   33      -5.872077
  12   34      -6.212204
  12   35      -6.567721
  12   36      -6.940315
  12   37      -7.331591
  12   38      -7.743036
  12   39      -8.175976
  12   40      -8.631561
  12   41      -9.110817
  12   42      -9.614629
  12   43     -10.144322
  12   44     -10.701490
  12   45     -11.290190
  12   46     -11.916390
  12   47     -12.596868
  12   48     -13.400757
  12   49     -14.279231
    
  13    1      -5.940254
  13    2      -5.164857
  13    3      -4.483510
  13    4      -3.856426
  13    5      -3.267793
  13    6      -2.710189
  13    7      -2.179604
  13    8      -1.672900
  13    9      -1.185025
  13   10      -0.701903
  13   11      -0.153523
  13   12       0.456585
  13   13       0.923079
  13   14       0.447142
  13   15       0.023616
  13   16      -0.458516
  13   17      -0.798200
  13   18      -1.114945
  13   19      -1.416521
  13   20      -1.709439
  13   21      -1.996050
  13   22      -2.278067
  13   23      -2.556888
  13   24      -2.833864
  13   25      -3.110347
  13   26      -3.387724
  13   27      -3.667426
  13   28      -3.950930
  13   29      -4.239768
  13   30      -4.535520
  13   31      -4.839819
  13   32      -5.154342
  13   33      -5.480801
  13   34      -5.820928
  13   35      -6.176445
  13   36      -6.549039
  13   37      -6.940315
  13   38      -7.351759
  13   39      -7.784701
  13   40      -8.240290
  13   41      -8.719525
  13   42      -9.223377
  13   43      -9.752947
  13   44     -10.310529
  13   45     -10.898388
  13   46     -11.525081
  13   47     -12.212395
  13   48     -12.978296
  13   49     -14.019704
    
  14    1      -6.280576
  14    2      -5.505181
  14    3      -4.823840
  14    4      -4.196776
  14    5      -3.608209
  14    6      -3.050807
  14    7      -2.520828
  14    8      -2.015936
  14    9      -1.533623
  14   10      -1.068787
  14   11      -0.607054
  14   12      -0.058530
  14   13       0.447142
  14   14       0.944469
  14   15       0.437272
  14   16       0.094396
  14   17      -0.401439
  14   18      -0.729795
  14   19      -1.040344
  14   20      -1.335382
  14   21      -1.622947
  14   22      -1.905274
  14   23      -2.184221
  14   24      -2.461242
  14   25      -2.737742
  14   26      -3.015126
  14   27      -3.294830
  14   28      -3.578336
  14   29      -3.867174
  14   30      -4.162926
  14   31      -4.467225
  14   32      -4.781748
  14   33      -5.108208
  14   34      -5.448334
  14   35      -5.803852
  14   36      -6.176445
  14   37      -6.567721
  14   38      -6.979166
  14   39      -7.412107
  14   40      -7.867696
  14   41      -8.346932
  14   42      -8.850786
  14   43      -9.380397
  14   44      -9.937676
  14   45     -10.526110
  14   46     -11.153662
  14   47     -11.834318
  14   48     -12.603929
  14   49     -13.779361
    
  15    1      -6.612158
  15    2      -5.836763
  15    3      -5.155424
  15    4      -4.528369
  15    5      -3.939826
  15    6      -3.382499
  15    7      -2.852746
  15    8      -2.348515
  15    9      -1.868162
  15   10      -1.409323
  15   11      -0.966579
  15   12      -0.526530
  15   13       0.023616
  15   14       0.437272
  15   15       0.965506
  15   16       0.427256
  15   17       0.155051
  15   18      -0.353920
  15   19      -0.670775
  15   20      -0.976383
  15   21      -1.265853
  15   22      -1.549239
  15   23      -1.828493
  15   24      -2.105649
  15   25      -2.382195
  15   26      -2.659598
  15   27      -2.939309
  15   28      -3.222817
  15   29      -3.511656
  15   30      -3.807409
  15   31      -4.111708
  15   32      -4.426231
  15   33      -4.752690
  15   34      -5.092817
  15   35      -5.448334
  15   36      -5.820928
  15   37      -6.212204
  15   38      -6.623648
  15   39      -7.056589
  15   40      -7.512178
  15   41      -7.991417
  15   42      -8.495261
  15   43      -9.024885
  15   44      -9.582144
  15   45     -10.170760
  15   46     -10.797804
  15   47     -11.478339
  15   48     -12.258912
  15   49     -13.305728
    
  16    1      -6.934737
  16    2      -6.159343
  16    3      -5.478005
  16    4      -4.850952
  16    5      -4.262419
  16    6      -3.705120
  16    7      -3.175450
  16    8      -2.671462
  16    9      -2.191814
  16   10      -1.735051
  16   11      -1.298707
  16   12      -0.876798
  16   13      -0.458516
  16   14       0.094396
  16   15       0.427256
  16   16       0.985623
  16   17       0.417385
  16   18       0.206628
  16   19      -0.314753
  16   20      -0.620475
  16   21      -0.922435
  16   22      -1.207401
  16   23      -1.487849
  16   24      -1.765299
  16   25      -2.041991
  16   26      -2.319440
  16   27      -2.599171
  16   28      -2.882686
  16   29      -3.171528
  16   30      -3.467282
  16   31      -3.771581
  16   32      -4.086104
  16   33      -4.412564
  16   34      -4.752690
  16   35      -5.108208
  16   36      -5.480801
  16   37      -5.872077
  16   38      -6.283522
  16   39      -6.716463
  16   40      -7.172052
  16   41      -7.651290
  16   42      -8.155135
  16   43      -8.684761
  16   44      -9.242027
  16   45      -9.830579
  16   46     -10.457616
  16   47     -11.139036
  16   48     -11.914590
  16   49     -13.008818
    
  17    1      -7.248530
  17    2      -6.473135
  17    3      -5.791797
  17    4      -5.164746
  17    5      -4.576216
  17    6      -4.018928
  17    7      -3.489288
  17    8      -2.985389
  17    9      -2.505999
  17   10      -2.049979
  17   11      -1.615805
  17   12      -1.200837
  17   13      -0.798200
  17   14      -0.401439
  17   15       0.155051
  17   16       0.417385
  17   17       1.004351
  17   18       0.407947
  17   19       0.250008
  17   20      -0.282885
  17   21      -0.578341
  17   22      -0.877913
  17   23      -1.159531
  17   24      -1.438329
  17   25      -1.715296
  17   26      -1.992902
  17   27      -2.272679
  17   28      -2.556215
  17   29      -2.845064
  17   30      -3.140820
  17   31      -3.445121
  17   32      -3.759644
  17   33      -4.086104
  17   34      -4.426231
  17   35      -4.781748
  17   36      -5.154342
  17   37      -5.545618
  17   38      -5.957062
  17   39      -6.390003
  17   40      -6.845592
  17   41      -7.324830
  17   42      -7.828677
  17   43      -8.358299
  17   44      -8.915580
  17   45      -9.504103
  17   46     -10.131173
  17   47     -10.812332
  17   48     -11.588417
  17   49     -12.676841
    
  18    1      -7.554082
  18    2      -6.778688
  18    3      -6.097350
  18    4      -5.470299
  18    5      -4.881770
  18    6      -4.324486
  18    7      -3.794858
  18    8      -3.290992
  18    9      -2.811697
  18   10      -2.355948
  18   11      -1.922554
  18   12      -1.509813
  18   13      -1.114945
  18   14      -0.729795
  18   15      -0.353920
  18   16       0.206628
  18   17       0.407947
  18   18       1.021317
  18   19       0.399208
  18   20       0.285927
  18   21      -0.257416
  18   22      -0.543913
  18   23      -0.842281
  18   24      -1.121801
  18   25      -1.400274
  18   26      -1.678132
  18   27      -1.958078
  18   28      -2.241659
  18   29      -2.530529
  18   30      -2.826293
  18   31      -3.130596
  18   32      -3.445121
  18   33      -3.771581
  18   34      -4.111708
  18   35      -4.467225
  18   36      -4.839819
  18   37      -5.231095
  18   38      -5.642539
  18   39      -6.075480
  18   40      -6.531069
  18   41      -7.010308
  18   42      -7.514153
  18   43      -8.043775
  18   44      -8.601057
  18   45      -9.189591
  18   46      -9.816610
  18   47     -10.497974
  18   48     -11.273560
  18   49     -12.363501
    
  19    1      -7.852177
  19    2      -7.076782
  19    3      -6.395445
  19    4      -5.768394
  19    5      -5.179866
  19    6      -4.622583
  19    7      -4.092959
  19    8      -3.589105
  19    9      -3.109846
  19   10      -2.654197
  19   11      -2.221087
  19   12      -1.809167
  19   13      -1.416521
  19   14      -1.040344
  19   15      -0.670775
  19   16      -0.314753
  19   17       0.250008
  19   18       0.399208
  19   19       1.036238
  19   20       0.391407
  19   21       0.314990
  19   22      -0.237590
  19   23      -0.516815
  19   24      -0.815075
  19   25      -1.093841
  19   26      -1.373348
  19   27      -1.653523
  19   28      -1.937282
  19   29      -2.226197
  19   30      -2.521983
  19   31      -2.826293
  19   32      -3.140820
  19   33      -3.467282
  19   34      -3.807409
  19   35      -4.162926
  19   36      -4.535520
  19   37      -4.926796
  19   38      -5.338241
  19   39      -5.771182
  19   40      -6.226770
  19   41      -6.706009
  19   42      -7.209855
  19   43      -7.739475
  19   44      -8.296760
  19   45      -8.885282
  19   46      -9.512333
  19   47     -10.193740
  19   48     -10.968798
  19   49     -12.061080
    
  20    1      -8.143759
  20    2      -7.368365
  20    3      -6.687027
  20    4      -6.059976
  20    5      -5.471448
  20    6      -4.914166
  20    7      -4.384543
  20    8      -3.880695
  20    9      -3.401448
  20   10      -2.945837
  20   11      -2.512832
  20   12      -2.101209
  20   13      -1.709439
  20   14      -1.335382
  20   15      -0.976383
  20   16      -0.620475
  20   17      -0.282885
  20   18       0.285927
  20   19       0.391407
  20   20       1.048908
  20   21       0.384749
  20   22       0.337683
  20   23      -0.222796
  20   24      -0.496748
  20   25      -0.795921
  20   26      -1.075364
  20   27      -1.357297
  20   28      -1.641270
  20   29      -1.930367
  20   30      -2.226197
  20   31      -2.530529
  20   32      -2.845064
  20   33      -3.171528
  20   34      -3.511656
  20   35      -3.867174
  20   36      -4.239768
  20   37      -4.631044
  20   38      -5.042489
  20   39      -5.475430
  20   40      -5.931018
  20   41      -6.410257
  20   42      -6.914103
  20   43      -7.443724
  20   44      -8.001007
  20   45      -8.589532
  20   46      -9.216592
  20   47      -9.897904
  20   48     -10.673363
  20   49     -11.763214
    
  21    1      -8.429890
  21    2      -7.654498
  21    3      -6.973159
  21    4      -6.346109
  21    5      -5.757581
  21    6      -5.200299
  21    7      -4.670677
  21    8      -4.166830
  21    9      -3.687589
  21   10      -3.231991
  21   11      -2.799026
  21   12      -2.387515
  21   13      -1.996050
  21   14      -1.622947
  21   15      -1.265853
  21   16      -0.922435
  21   17      -0.578341
  21   18      -0.257416
  21   19       0.314990
  21   20       0.384749
  21   21       1.059181
  21   22       0.379401
  21   23       0.354384
  21   24      -0.212562
  21   25      -0.483493
  21   26      -0.784541
  21   27      -1.066175
  21   28      -1.351965
  21   29      -1.641270
  21   30      -1.937282
  21   31      -2.241659
  21   32      -2.556215
  21   33      -2.882686
  21   34      -3.222817
  21   35      -3.578336
  21   36      -3.950930
  21   37      -4.342207
  21   38      -4.753651
  21   39      -5.186592
  21   40      -5.642181
  21   41      -6.121419
  21   42      -6.625265
  21   43      -7.154887
  21   44      -7.712169
  21   45      -8.300697
  21   46      -8.927750
  21   47      -9.609077
  21   48     -10.384434
  21   49     -11.475391
    
  22    1      -8.711725
  22    2      -7.936331
  22    3      -7.254993
  22    4      -6.627942
  22    5      -6.039415
  22    6      -5.482133
  22    7      -4.952511
  22    8      -4.448665
  22    9      -3.969425
  22   10      -3.513833
  22   11      -3.080883
  22   12      -2.669413
  22   13      -2.278067
  22   14      -1.905274
  22   15      -1.549239
  22   16      -1.207401
  22   17      -0.877913
  22   18      -0.543913
  22   19      -0.237590
  22   20       0.337683
  22   21       0.379401
  22   22       1.066957
  22   23       0.375491
  22   24       0.365367
  22   25      -0.206555
  22   26      -0.476902
  22   27      -0.780767
  22   28      -1.066175
  22   29      -1.357297
  22   30      -1.653523
  22   31      -1.958078
  22   32      -2.272679
  22   33      -2.599171
  22   34      -2.939309
  22   35      -3.294830
  22   36      -3.667426
  22   37      -4.058702
  22   38      -4.470147
  22   39      -4.903088
  22   40      -5.358677
  22   41      -5.837915
  22   42      -6.341761
  22   43      -6.871382
  22   44      -7.428664
  22   45      -8.017192
  22   46      -8.644244
  22   47      -9.325570
  22   48     -10.101022
  22   49     -11.191237
    
  23    1      -8.990480
  23    2      -8.215085
  23    3      -7.533747
  23    4      -6.906696
  23    5      -6.318168
  23    6      -5.760886
  23    7      -5.231265
  23    8      -4.727419
  23    9      -4.248180
  23   10      -3.792590
  23   11      -3.359646
  23   12      -2.948191
  23   13      -2.556888
  23   14      -2.184221
  23   15      -1.828493
  23   16      -1.487849
  23   17      -1.159531
  23   18      -0.842281
  23   19      -0.516815
  23   20      -0.222796
  23   21       0.354384
  23   22       0.375491
  23   23       1.072172
  23   24       0.373109
  23   25       0.370814
  23   26      -0.204575
  23   27      -0.476902
  23   28      -0.784541
  23   29      -1.075364
  23   30      -1.373348
  23   31      -1.678132
  23   32      -1.992902
  23   33      -2.319440
  23   34      -2.659598
  23   35      -3.015126
  23   36      -3.387724
  23   37      -3.779001
  23   38      -4.190447
  23   39      -4.623388
  23   40      -5.078977
  23   41      -5.558215
  23   42      -6.062061
  23   43      -6.591682
  23   44      -7.148964
  23   45      -7.737492
  23   46      -8.364541
  23   47      -9.045885
  23   48      -9.821277
  23   49     -10.911607
    
  24    1      -9.267429
  24    2      -8.492035
  24    3      -7.810696
  24    4      -7.183646
  24    5      -6.595118
  24    6      -6.037836
  24    7      -5.508215
  24    8      -5.004369
  24    9      -4.525130
  24   10      -4.069541
  24   11      -3.636598
  24   12      -3.225150
  24   13      -2.833864
  24   14      -2.461242
  24   15      -2.105649
  24   16      -1.765299
  24   17      -1.438329
  24   18      -1.121801
  24   19      -0.815075
  24   20      -0.496748
  24   21      -0.212562
  24   22       0.365367
  24   23       0.373109
  24   24       1.074788
  24   25       0.372309
  24   26       0.370814
  24   27      -0.206555
  24   28      -0.483493
  24   29      -0.795921
  24   30      -1.093841
  24   31      -1.400274
  24   32      -1.715296
  24   33      -2.041991
  24   34      -2.382195
  24   35      -2.737742
  24   36      -3.110347
  24   37      -3.501627
  24   38      -3.913073
  24   39      -4.346014
  24   40      -4.801603
  24   41      -5.280842
  24   42      -5.784688
  24   43      -6.314309
  24   44      -6.871591
  24   45      -7.460119
  24   46      -8.087170
  24   47      -8.768505
  24   48      -9.543902
  24   49     -10.634301
    
  25    1      -9.543912
  25    2      -8.768505
  25    3      -8.087170
  25    4      -7.460119
  25    5      -6.871591
  25    6      -6.314309
  25    7      -5.784687
  25    8      -5.280842
  25    9      -4.801603
  25   10      -4.346014
  25   11      -3.913073
  25   12      -3.501627
  25   13      -3.110347
  25   14      -2.737742
  25   15      -2.382195
  25   16      -2.041991
  25   17      -1.715296
  25   18      -1.400274
  25   19      -1.093841
  25   20      -0.795921
  25   21      -0.483493
  25   22      -0.206555
  25   23       0.370814
  25   24       0.372309
  25   25       1.074788
  25   26       0.373109
  25   27       0.365367
  25   28      -0.212562
  25   29      -0.496748
  25   30      -0.815075
  25   31      -1.121801
  25   32      -1.438329
  25   33      -1.765299
  25   34      -2.105649
  25   35      -2.461242
  25   36      -2.833864
  25   37      -3.225150
  25   38      -3.636598
  25   39      -4.069541
  25   40      -4.525130
  25   41      -5.004369
  25   42      -5.508215
  25   43      -6.037836
  25   44      -6.595118
  25   45      -7.183646
  25   46      -7.810696
  25   47      -8.492036
  25   48      -9.267426
  25   49     -10.357803
    
  26    1      -9.821273
  26    2      -9.045881
  26    3      -8.364543
  26    4      -7.737492
  26    5      -7.148964
  26    6      -6.591682
  26    7      -6.062061
  26    8      -5.558215
  26    9      -5.078977
  26   10      -4.623388
  26   11      -4.190447
  26   12      -3.779001
  26   13      -3.387724
  26   14      -3.015126
  26   15      -2.659598
  26   16      -2.319440
  26   17      -1.992902
  26   18      -1.678132
  26   19      -1.373348
  26   20      -1.075364
  26   21      -0.784541
  26   22      -0.476902
  26   23      -0.204575
  26   24       0.370814
  26   25       0.373109
  26   26       1.072172
  26   27       0.375491
  26   28       0.354384
  26   29      -0.222796
  26   30      -0.516815
  26   31      -0.842281
  26   32      -1.159531
  26   33      -1.487849
  26   34      -1.828493
  26   35      -2.184221
  26   36      -2.556888
  26   37      -2.948191
  26   38      -3.359646
  26   39      -3.792590
  26   40      -4.248180
  26   41      -4.727419
  26   42      -5.231265
  26   43      -5.760886
  26   44      -6.318168
  26   45      -6.906696
  26   46      -7.533747
  26   47      -8.215086
  26   48      -8.990477
  26   49     -10.080872
    
  27    1     -10.100922
  27    2      -9.325594
  27    3      -8.644240
  27    4      -8.017193
  27    5      -7.428664
  27    6      -6.871382
  27    7      -6.341761
  27    8      -5.837915
  27    9      -5.358677
  27   10      -4.903088
  27   11      -4.470147
  27   12      -4.058702
  27   13      -3.667426
  27   14      -3.294830
  27   15      -2.939309
  27   16      -2.599171
  27   17      -2.272679
  27   18      -1.958078
  27   19      -1.653523
  27   20      -1.357297
  27   21      -1.066175
  27   22      -0.780767
  27   23      -0.476902
  27   24      -0.206555
  27   25       0.365367
  27   26       0.375491
  27   27       1.066957
  27   28       0.379401
  27   29       0.337683
  27   30      -0.237590
  27   31      -0.543913
  27   32      -0.877913
  27   33      -1.207401
  27   34      -1.549239
  27   35      -1.905274
  27   36      -2.278067
  27   37      -2.669413
  27   38      -3.080883
  27   39      -3.513833
  27   40      -3.969425
  27   41      -4.448665
  27   42      -4.952511
  27   43      -5.482133
  27   44      -6.039415
  27   45      -6.627943
  27   46      -7.254993
  27   47      -7.936331
  27   48      -8.711725
  27   49      -9.802114
    
  28    1     -10.384580
  28    2      -9.609063
  28    3      -8.927751
  28    4      -8.300696
  28    5      -7.712169
  28    6      -7.154887
  28    7      -6.625265
  28    8      -6.121420
  28    9      -5.642181
  28   10      -5.186592
  28   11      -4.753651
  28   12      -4.342207
  28   13      -3.950930
  28   14      -3.578336
  28   15      -3.222817
  28   16      -2.882686
  28   17      -2.556215
  28   18      -2.241659
  28   19      -1.937282
  28   20      -1.641270
  28   21      -1.351965
  28   22      -1.066175
  28   23      -0.784541
  28   24      -0.483493
  28   25      -0.212562
  28   26       0.354384
  28   27       0.379401
  28   28       1.059181
  28   29       0.384749
  28   30       0.314990
  28   31      -0.257416
  28   32      -0.578341
  28   33      -0.922435
  28   34      -1.265853
  28   35      -1.622947
  28   36      -1.996050
  28   37      -2.387515
  28   38      -2.799026
  28   39      -3.231991
  28   40      -3.687589
  28   41      -4.166830
  28   42      -4.670677
  28   43      -5.200299
  28   44      -5.757581
  28   45      -6.346109
  28   46      -6.973159
  28   47      -7.654497
  28   48      -8.429892
  28   49      -9.520266
    
  29    1     -10.673331
  29    2      -9.897922
  29    3      -9.216582
  29    4      -8.589534
  29    5      -8.001006
  29    6      -7.443724
  29    7      -6.914103
  29    8      -6.410257
  29    9      -5.931018
  29   10      -5.475430
  29   11      -5.042489
  29   12      -4.631044
  29   13      -4.239768
  29   14      -3.867174
  29   15      -3.511656
  29   16      -3.171528
  29   17      -2.845064
  29   18      -2.530529
  29   19      -2.226197
  29   20      -1.930367
  29   21      -1.641270
  29   22      -1.357297
  29   23      -1.075364
  29   24      -0.795921
  29   25      -0.496748
  29   26      -0.222796
  29   27       0.337683
  29   28       0.384749
  29   29       1.048908
  29   30       0.391407
  29   31       0.285927
  29   32      -0.282885
  29   33      -0.620475
  29   34      -0.976383
  29   35      -1.335382
  29   36      -1.709439
  29   37      -2.101209
  29   38      -2.512832
  29   39      -2.945837
  29   40      -3.401448
  29   41      -3.880695
  29   42      -4.384543
  29   43      -4.914166
  29   44      -5.471448
  29   45      -6.059976
  29   46      -6.687027
  29   47      -7.368365
  29   48      -8.143759
  29   49      -9.234136
    
  30    1     -10.968734
  30    2     -10.193708
  30    3      -9.512342
  30    4      -8.885288
  30    5      -8.296757
  30    6      -7.739476
  30    7      -7.209855
  30    8      -6.706009
  30    9      -6.226770
  30   10      -5.771182
  30   11      -5.338241
  30   12      -4.926796
  30   13      -4.535520
  30   14      -4.162926
  30   15      -3.807409
  30   16      -3.467282
  30   17      -3.140820
  30   18      -2.826293
  30   19      -2.521983
  30   20      -2.226197
  30   21      -1.937282
  30   22      -1.653523
  30   23      -1.373348
  30   24      -1.093841
  30   25      -0.815075
  30   26      -0.516815
  30   27      -0.237590
  30   28       0.314990
  30   29       0.391407
  30   30       1.036238
  30   31       0.399208
  30   32       0.250008
  30   33      -0.314753
  30   34      -0.670775
  30   35      -1.040344
  30   36      -1.416521
  30   37      -1.809167
  30   38      -2.221087
  30   39      -2.654197
  30   40      -3.109846
  30   41      -3.589105
  30   42      -4.092959
  30   43      -4.622583
  30   44      -5.179866
  30   45      -5.768394
  30   46      -6.395445
  30   47      -7.076782
  30   48      -7.852176
  30   49      -8.942559
    
  31    1     -11.273472
  31    2     -10.497945
  31    3      -9.816648
  31    4      -9.189578
  31    5      -8.601059
  31    6      -8.043775
  31    7      -7.514153
  31    8      -7.010308
  31    9      -6.531069
  31   10      -6.075480
  31   11      -5.642539
  31   12      -5.231095
  31   13      -4.839819
  31   14      -4.467225
  31   15      -4.111708
  31   16      -3.771581
  31   17      -3.445121
  31   18      -3.130596
  31   19      -2.826293
  31   20      -2.530529
  31   21      -2.241659
  31   22      -1.958078
  31   23      -1.678132
  31   24      -1.400274
  31   25      -1.121801
  31   26      -0.842281
  31   27      -0.543913
  31   28      -0.257416
  31   29       0.285927
  31   30       0.399208
  31   31       1.021317
  31   32       0.407947
  31   33       0.206628
  31   34      -0.353920
  31   35      -0.729795
  31   36      -1.114945
  31   37      -1.509813
  31   38      -1.922554
  31   39      -2.355948
  31   40      -2.811697
  31   41      -3.290992
  31   42      -3.794858
  31   43      -4.324486
  31   44      -4.881770
  31   45      -5.470299
  31   46      -6.097350
  31   47      -6.778688
  31   48      -7.554082
  31   49      -8.644462
    
  32    1     -11.587866
  32    2     -10.812557
  32    3     -10.131131
  32    4      -9.504107
  32    5      -8.915582
  32    6      -8.358298
  32    7      -7.828676
  32    8      -7.324831
  32    9      -6.845592
  32   10      -6.390003
  32   11      -5.957062
  32   12      -5.545618
  32   13      -5.154342
  32   14      -4.781748
  32   15      -4.426231
  32   16      -4.086104
  32   17      -3.759644
  32   18      -3.445121
  32   19      -3.140820
  32   20      -2.845064
  32   21      -2.556215
  32   22      -2.272679
  32   23      -1.992902
  32   24      -1.715296
  32   25      -1.438329
  32   26      -1.159531
  32   27      -0.877913
  32   28      -0.578341
  32   29      -0.282885
  32   30       0.250008
  32   31       0.407947
  32   32       1.004351
  32   33       0.417385
  32   34       0.155051
  32   35      -0.401439
  32   36      -0.798200
  32   37      -1.200837
  32   38      -1.615805
  32   39      -2.049979
  32   40      -2.505999
  32   41      -2.985389
  32   42      -3.489288
  32   43      -4.018928
  32   44      -4.576216
  32   45      -5.164746
  32   46      -5.791797
  32   47      -6.473135
  32   48      -7.248529
  32   49      -8.338910
    
  33    1     -11.915690
  33    2     -11.138558
  33    3     -10.457631
  33    4      -9.830584
  33    5      -9.242041
  33    6      -8.684756
  33    7      -8.155136
  33    8      -7.651290
  33    9      -7.172052
  33   10      -6.716463
  33   11      -6.283522
  33   12      -5.872077
  33   13      -5.480801
  33   14      -5.108208
  33   15      -4.752690
  33   16      -4.412564
  33   17      -4.086104
  33   18      -3.771581
  33   19      -3.467282
  33   20      -3.171528
  33   21      -2.882686
  33   22      -2.599171
  33   23      -2.319440
  33   24      -2.041991
  33   25      -1.765299
